0.6161616161616161
0.6161616161616161
0.6161616161616161
0.6161616161616161
0.6161616161616161
0.6161616161616161
0.6161616161616161
0.6161616161616161
0.6161616161616161
0.6161616161616161
0.6161616161616161
0.6105499438832772
0.21773288439955107
0.04489337822671156
0.012345679012345678
0.004489337822671156
0.002244668911335578
0.0
0.0
0.0
0.0
0.0
0.0
0.0
0.0
0.0
0.0
0.0
0.0
0.0
0.0
0.0
0.0
0.0
0.0
0.0
0.0
0.0
0.0
0.0
0.0
0.0
0.0
0.0
0.0
0.0
0.0
0.0
0.0
0.0
0.0
0.0
0.0
0.0
0.0
0.0
0.0
0.0
0.0
0.0
0.0
0.0
0.0
0.0
0.0
0.0
0.0
0.0
0.0
0.0
0.0
0.0
0.0
0.0
0.0
0.0
0.0
0.0
0.0
0.0
0.0
0.0
0.0
0.0
0.0
0.0
0.0
0.0
0.0
0.0
0.0
0.0
0.0
0.0
0.0
0.0
0.0
0.0
0.0
0.0
0.0
0.0
0.0
0.0
0.0
0.0
0.0
0.0
0.0
0.0
0.0
0.0
0.0
0.0
0.0
0.0
0.0
0.0
0.0
0.0
0.0
0.0
0.0
0.0
0.0
0.0
0.0
0.0
0.0
0.0
0.0
0.0
0.0
0.0
0.0
0.0
0.0
0.0
0.0
0.0
0.0
0.0
0.0
0.0
0.0
0.0
0.0
0.0
0.0
0.0
0.0
0.0
0.0
0.0
0.0
0.0
0.0
0.0
0.0
0.0
0.0
0.0
0.0
0.0
0.0
0.0
0.0
0.0
0.0
0.0
0.0
0.0
0.0
0.0
0.0
0.0
0.0
0.0
0.0
0.0
0.0
0.0
0.0
0.0
0.0
0.0
0.0
0.0
0.0
0.0
0.0
0.0
0.0
0.0
0.0
0.0
0.0
0.0
0.0
0.0
0.0
0.0
0.0
0.0
0.0
0.0
0.0
0.0
0.0
0.0
0.0
0.0
0.0
0.0
0.0
0.0
0.0
0.0
0.0
0.0
0.0
0.0
0.0
0.0
0.0
0.0
0.0
0.0
0.0
0.0
0.0
0.0
0.0
0.0
0.0
0.0
0.0
0.0
0.0
0.0
0.0
0.0
0.0
0.0
0.0
0.0
0.0
0.0
0.0
0.0
0.0
0.0
0.0
0.0
0.0
0.0
0.0
0.0
0.0
0.0
0.0
0.0
0.0
0.0
0.0
0.0
0.0
0.0
0.0
0.0
0.0
0.0
0.0
0.0
0.0
0.0
0.0
0.0
0.0
0.0
0.0
0.0
0.0
0.0
0.0
0.0
0.0
0.0
0.0
0.0
0.0
0.0
0.0
0.0
0.0
0.0
0.0
0.0
0.0
0.0
0.0
0.0
0.0
0.0
0.0
0.0
0.0
0.0
0.0
0.0
0.0
0.0
0.0
0.0
0.0
0.0
0.0
0.0
0.0
0.0
0.0
0.0
0.0
0.0
0.0
0.0
0.0
0.0
0.0
0.0
0.0
0.0
0.0
0.0
0.0
0.0
0.0
0.0
0.0
0.0
0.0
0.0
0.0
0.0
0.0
0.0
0.0
0.0
0.0
0.0
0.0
0.0
0.0
0.0
0.0
0.0
0.0
0.0
0.0
0.001122334455667789
0.001122334455667789
0.001122334455667789
0.002244668911335578
0.002244668911335578
0.002244668911335578
0.002244668911335578
0.002244668911335578
0.002244668911335578
0.002244668911335578
0.002244668911335578
0.002244668911335578
0.002244668911335578
0.002244668911335578
0.002244668911335578
0.002244668911335578
0.002244668911335578
0.002244668911335578
0.002244668911335578
0.002244668911335578
0.002244668911335578
0.002244668911335578
0.002244668911335578
0.002244668911335578
0.002244668911335578
0.002244668911335578
0.002244668911335578
0.002244668911335578
0.002244668911335578
0.002244668911335578
0.002244668911335578
0.003367003367003367
0.003367003367003367
0.003367003367003367
0.003367003367003367
0.003367003367003367
0.003367003367003367
0.003367003367003367
0.003367003367003367
0.003367003367003367
0.003367003367003367
0.003367003367003367
0.003367003367003367
0.003367003367003367
0.003367003367003367
0.003367003367003367
0.003367003367003367
0.003367003367003367
0.003367003367003367
0.003367003367003367
0.003367003367003367
0.003367003367003367
0.003367003367003367
0.003367003367003367
0.003367003367003367
0.003367003367003367
0.003367003367003367
0.003367003367003367
0.003367003367003367
0.003367003367003367
0.003367003367003367
0.003367003367003367
0.003367003367003367
0.003367003367003367
0.003367003367003367
0.003367003367003367
0.003367003367003367
0.003367003367003367
0.003367003367003367
0.003367003367003367
0.003367003367003367
0.003367003367003367
0.003367003367003367
0.003367003367003367
0.003367003367003367
0.003367003367003367
0.003367003367003367
0.003367003367003367
0.003367003367003367
0.003367003367003367
0.003367003367003367
0.003367003367003367
0.003367003367003367
0.004489337822671156
0.004489337822671156
0.004489337822671156
0.004489337822671156
0.005611672278338945
0.005611672278338945
0.01122334455667789
0.01122334455667789
0.01122334455667789
0.013468013468013467
0.013468013468013467
0.013468013468013467
0.013468013468013467
0.013468013468013467
0.013468013468013467
0.013468013468013467
0.014590347923681257
0.014590347923681257
0.014590347923681257
0.014590347923681257
0.014590347923681257
0.016835016835016835
0.016835016835016835
0.016835016835016835
0.016835016835016835
0.019079685746352413
0.019079685746352413
0.019079685746352413
0.020202020202020204
0.019079685746352413
0.019079685746352413
0.02132435465768799
0.02244668911335578
0.02244668911335578
0.02244668911335578
0.02244668911335578
0.02356902356902357
0.024691358024691357
0.029180695847362513
0.050505050505050504
0.051627384960718295
0.051627384960718295
0.051627384960718295
0.051627384960718295
0.051627384960718295
0.051627384960718295
0.052749719416386086
0.052749719416386086
0.052749719416386086
0.052749719416386086
0.05387205387205387
0.05499438832772166
0.05499438832772166
0.05611672278338945
0.05611672278338945
0.05611672278338945
0.05611672278338945
0.05611672278338945
0.05611672278338945
0.05611672278338945
0.05611672278338945
0.05611672278338945
0.05611672278338945
0.05611672278338945
0.06060606060606061
0.06285072951739619
0.06285072951739619
0.06285072951739619
0.06285072951739619
0.06285072951739619
0.06397306397306397
0.06397306397306397
0.06397306397306397
0.06397306397306397
0.06397306397306397
0.06397306397306397
0.06397306397306397
0.06397306397306397
0.06397306397306397
0.06397306397306397
0.06397306397306397
0.06397306397306397
0.06397306397306397
0.06397306397306397
0.06397306397306397
0.06397306397306397
0.06397306397306397
0.06509539842873176
0.06509539842873176
0.06734006734006734
0.06846240179573512
0.06846240179573512
0.06846240179573512
0.06846240179573512
0.06846240179573512
0.06958473625140292
0.07407407407407407
0.07407407407407407
0.07631874298540965
0.07744107744107744
0.07856341189674523
0.07968574635241302
0.07968574635241302
0.07968574635241302
0.07968574635241302
0.08080808080808081
0.0819304152637486
0.08417508417508418
0.08417508417508418
0.08754208754208755
0.12570145903479238
0.12682379349046016
0.12682379349046016
0.13131313131313133
0.1324354657687991
0.1324354657687991
0.1324354657687991
0.1324354657687991
0.1335578002244669
0.13468013468013468
0.13580246913580246
0.13692480359147025
0.13692480359147025
0.13804713804713806
0.13804713804713806
0.13804713804713806
0.13804713804713806
0.13916947250280584
0.13916947250280584
0.13916947250280584
0.14029180695847362
0.1414141414141414
0.14590347923681257
0.14814814814814814
0.15039281705948374
0.1526374859708193
0.1526374859708193
0.1526374859708193
0.1537598204264871
0.15488215488215487
0.15488215488215487
0.15712682379349047
0.16049382716049382
0.16049382716049382
0.1627384960718294
0.1627384960718294
0.1627384960718294
0.1638608305274972
0.1638608305274972
0.1638608305274972
0.16722783389450055
0.17059483726150393
0.17059483726150393
0.1739618406285073
0.1750841750841751
0.1840628507295174
0.1840628507295174
0.1840628507295174
0.1840628507295174
0.1840628507295174
0.1840628507295174
0.1840628507295174
0.1840628507295174
0.1840628507295174
0.18967452300785634
0.1941638608305275
0.2053872053872054
0.21099887766554434
0.21099887766554434
0.21099887766554434
0.21099887766554434
0.2132435465768799
0.2132435465768799
0.2222222222222222
0.2244668911335578
0.23120089786756454
0.2536475869809203
0.2536475869809203
0.2716049382716049
0.25925925925925924
0.2716049382716049
0.265993265993266
0.3501683501683502
0.36924803591470257
0.41975308641975306
0.42536475869809204
0.4276094276094276
0.4377104377104377
0.4377104377104377
0.4388327721661055
0.4399551066217733
0.4399551066217733
0.44219977553310885
0.44668911335578004
0.4500561167227834
0.4567901234567901
0.4590347923681257
0.4567901234567901
0.4590347923681257
0.4601571268237935
0.4713804713804714
0.4769921436588103
0.48035914702581367
0.4769921436588103
0.5016835016835017
0.5342312008978676
0.5398428731762065
0.5432098765432098
0.5432098765432098
0.5454545454545454
0.5555555555555556
0.5555555555555556
0.5600448933782267
0.5645342312008979
0.569023569023569
0.5712682379349046
0.5712682379349046
0.5712682379349046
0.5712682379349046
0.5712682379349046
0.5712682379349046
0.5723905723905723
0.5768799102132436
0.5780022446689114
0.5780022446689114
0.5813692480359147
0.5813692480359147
0.5813692480359147
0.5813692480359147
0.5824915824915825
0.5824915824915825
0.5824915824915825
0.5824915824915825
0.5858585858585859
0.5869809203142536
0.5869809203142536
0.5869809203142536
0.5881032547699214
0.5892255892255892
0.5892255892255892
0.5892255892255892
0.5892255892255892
0.5892255892255892
0.5892255892255892
0.5892255892255892
0.5892255892255892
0.590347923681257
0.590347923681257
0.590347923681257
0.590347923681257
0.590347923681257
0.590347923681257
0.590347923681257
0.590347923681257
0.5914702581369248
0.5937149270482603
0.5937149270482603
0.5937149270482603
0.5937149270482603
0.5937149270482603
0.5937149270482603
0.5959595959595959
0.5982042648709316
0.5982042648709316
0.5982042648709316
0.5982042648709316
0.6015712682379349
0.6015712682379349
0.6015712682379349
0.6015712682379349
0.6015712682379349
0.6015712682379349
0.6015712682379349
0.6015712682379349
0.6015712682379349
0.6015712682379349
0.6015712682379349
0.6015712682379349
0.6015712682379349
0.6015712682379349
0.6026936026936027
0.6015712682379349
0.6026936026936027
0.6038159371492705
0.6038159371492705
0.6038159371492705
0.6038159371492705
0.6038159371492705
0.6038159371492705
0.6038159371492705
0.6049382716049383
0.6060606060606061
0.6060606060606061
0.6060606060606061
0.6060606060606061
0.6060606060606061
0.6060606060606061
0.6060606060606061
0.6060606060606061
0.6060606060606061
0.6060606060606061
0.6060606060606061
0.6060606060606061
0.6060606060606061
0.6071829405162739
0.6071829405162739
0.6071829405162739
0.6071829405162739
0.6071829405162739
0.6083052749719416
0.6083052749719416
0.6083052749719416
0.6083052749719416
0.6083052749719416
0.6083052749719416
0.6083052749719416
0.6083052749719416
0.6083052749719416
0.6083052749719416
0.6083052749719416
0.6083052749719416
0.6083052749719416
0.6083052749719416
0.6083052749719416
0.6083052749719416
0.6083052749719416
0.6083052749719416
0.6083052749719416
0.6083052749719416
0.6083052749719416
0.6083052749719416
0.6083052749719416
0.6083052749719416
0.6083052749719416
0.6083052749719416
0.6094276094276094
0.6094276094276094
0.6094276094276094
0.6094276094276094
0.6094276094276094
0.6094276094276094
0.6094276094276094
0.6094276094276094
0.6094276094276094
0.6094276094276094
0.6094276094276094
0.6094276094276094
0.6094276094276094
0.6094276094276094
0.6094276094276094
0.6094276094276094
0.6094276094276094
0.6094276094276094
0.6094276094276094
0.6094276094276094
0.6094276094276094
0.6094276094276094
0.6094276094276094
0.6094276094276094
0.6094276094276094
0.6105499438832772
0.6105499438832772
0.6105499438832772
0.6105499438832772
0.6105499438832772
0.6105499438832772
0.6105499438832772
0.6105499438832772
0.6105499438832772
0.6105499438832772
0.6105499438832772
0.6105499438832772
0.6105499438832772
0.6105499438832772
0.6105499438832772
0.6105499438832772
0.6105499438832772
0.6105499438832772
0.6105499438832772
0.6105499438832772
0.611672278338945
0.611672278338945
0.611672278338945
0.611672278338945
0.611672278338945
0.611672278338945
0.611672278338945
0.611672278338945
0.611672278338945
0.611672278338945
0.611672278338945
0.611672278338945
0.611672278338945
0.611672278338945
0.6127946127946128
0.6127946127946128
0.6127946127946128
0.6127946127946128
0.6127946127946128
0.6127946127946128
0.6127946127946128
0.6127946127946128
0.6127946127946128
0.6127946127946128
0.6127946127946128
0.6127946127946128
0.6127946127946128
0.6127946127946128
0.6127946127946128
0.6127946127946128
0.6127946127946128
0.6127946127946128
0.6139169472502806
0.6139169472502806
0.6139169472502806
0.6139169472502806
0.6139169472502806
0.6139169472502806
0.6139169472502806
0.6139169472502806
0.6139169472502806
0.6139169472502806
0.6150392817059483
0.6150392817059483
0.6150392817059483
0.6150392817059483
0.6150392817059483
0.6150392817059483
0.6150392817059483
0.6150392817059483
0.6150392817059483
0.6150392817059483
0.6150392817059483
0.6150392817059483
0.6150392817059483
0.6150392817059483
0.6150392817059483
0.6150392817059483
0.6150392817059483
0.6150392817059483
0.6150392817059483
0.6150392817059483
0.6150392817059483
0.6150392817059483
0.6150392817059483
0.6150392817059483
0.6150392817059483
0.6150392817059483
0.6150392817059483
0.6150392817059483
0.6150392817059483
0.6150392817059483
0.6161616161616161
0.6161616161616161
0.6161616161616161
0.6161616161616161
0.6161616161616161
0.6161616161616161
0.6161616161616161
0.6161616161616161
0.6161616161616161
0.6161616161616161
0.6161616161616161
0.6161616161616161
0.6161616161616161
0.6161616161616161
0.6161616161616161
0.6161616161616161
0.6161616161616161
0.6161616161616161
0.6161616161616161
0.6161616161616161
0.6161616161616161
0.6161616161616161
0.6161616161616161
0.6161616161616161
0.6161616161616161
0.6161616161616161
0.6161616161616161
0.6161616161616161
0.6161616161616161
0.6161616161616161
0.6161616161616161
0.6161616161616161
0.6161616161616161
0.6161616161616161
0.6161616161616161
0.6161616161616161
0.6161616161616161
0.6161616161616161
0.6161616161616161
0.6161616161616161
0.6161616161616161
0.6161616161616161
0.6161616161616161
0.6161616161616161
0.6161616161616161
0.6161616161616161
0.6161616161616161
0.6161616161616161
0.6161616161616161
0.6161616161616161
0.6161616161616161
0.6161616161616161
0.6161616161616161
0.6161616161616161
0.6161616161616161
0.6161616161616161
0.6161616161616161
0.6161616161616161
0.6161616161616161
0.6161616161616161
0.6161616161616161
0.6161616161616161
0.6161616161616161
0.6161616161616161
0.6161616161616161
0.6161616161616161
0.6161616161616161
0.6161616161616161
0.6161616161616161
0.6161616161616161
0.6161616161616161
0.6161616161616161
0.6161616161616161
0.6161616161616161
0.6161616161616161
0.6161616161616161
0.6161616161616161
0.6161616161616161
0.6161616161616161
0.6161616161616161
0.6161616161616161
0.6161616161616161
0.6161616161616161
0.6161616161616161
0.6161616161616161
0.6161616161616161
0.6161616161616161
0.6161616161616161
0.6161616161616161
0.6161616161616161
0.6161616161616161
0.6161616161616161
0.6161616161616161
0.6161616161616161
0.6161616161616161
0.6161616161616161
0.6161616161616161
0.6161616161616161
0.6161616161616161
0.6161616161616161
0.6161616161616161
0.6161616161616161
0.6161616161616161
0.6161616161616161
0.6161616161616161
0.6161616161616161
